[symmetry]
x_axis = 160.000000
y_axis = 160.000000


[preview]
scroll = 34 30
